0.00150279805529863 
0.00150280224625021 
0.00150280620437115 
0.00150281027890742 
0.00150281423702836 
0.00150281842797995 
0.00150282285176218 
0.00150282774120569 
0.00150283332914114 
0.0015028394991532 
0.00150284648407251 
0.00150285451672971 
0.00150286371354014 
0.00150287465658039 
0.0015028880443424 
0.00150290527381003 
0.001502929138951 
0.00150296883657575 
0.00150309782475233 
0.0015039024874568 
0.00150432134978473 
0.00150435231626034 
0.00150436197873205 
0.00150437059346586 
0.00150437804404646 
0.0015042838640511 
0.00150359142571688 
0.00150484626647085 
0.00150979007594287 
0.00151458475738764 
0.00151797046419233 
0.00152080168481916 
0.00152372044976801 
0.00152680196333677 
0.00152978312689811 
0.00153254624456167 
0.00153499201405793 
0.00153713510371745 
0.00153890461660922 
0.00154035876039416 
0.00154158507939428 
0.00154267100151628 
0.00154366157948971 
0.00154456961899996 
0.00154538790229708 
0.00154614041093737 
0.0015468334313482 
0.00154746777843684 
0.00154804030898958 
0.00154855521395802 
0.00154906196985394 
0.00154955917969346 
0.00155003927648067 
0.00155047664884478 
0.00155086780432612 
0.00155123928561807 
0.00155160541180521 
0.00155196071136743 
0.00155230320524424 
0.00155261461623013 
0.0015528827207163 
0.00155308633111417 
0.00155321985948831 
0.00155329646077007 
0.00155330752022564 
0.0015532267279923 
0.00155306025408208 
0.00155285326763988 
0.00155269796960056 
0.00155256118159741 
0.00155244267079979 
0.00155233626719564 
0.00155221542809159 
0.00155206571798772 
0.00155185023322701 
0.0015515562845394 
0.00155126489698887 
0.00155100785195827 
0.00155086535960436 
0.0015507951611653 
0.00155075290240347 
0.00155071751214564 
0.00155068037565798 
0.00155065313447267 
0.00155063939746469 
0.00155063276179135 
0.00155062740668654 
0.00155062251724303 
0.00155062042176723 
0.00155061646364629 
0.00155060994438827 
0.00155060249380767 
0.00155058468226343 
0.00155057909432799 
0.0015505749033764 
0.00155057699885219 
0.00155058188829571 
0.0015505813062191 
0.00155057769734412 
0.00155057327356189 
0.00155056559015065 
0.00155055895447731 
0.00155056186486036 
0.00155061960685998 
0.0015506484778598 
0.00155067187733948 
0.0015507007483393 
0.00155072682537138 
0.00155075022485107 
0.00155080738477409 
0.00155080284457654 
0.00155082775745541 
0.00155085104051977 
0.00155084463767707 
0.00155079585965723 
0.00155080540571362 
