0.00239279260858893 
0.00239261309616268 
0.00239251903258264 
0.00239244871772826 
0.00239238841459155 
0.00239233393222094 
0.00239228340797126 
0.00239223497919738 
0.00239218678325415 
0.00239213742315769 
0.00239208480343223 
0.00239202752709389 
0.0023919630330056 
0.00239188852719963 
0.00239179912023246 
0.00239168712869287 
0.00239153555594385 
0.00239129643887281 
0.00239060516469181 
0.00238786078989506 
0.00238624843768775 
0.00238604098558426 
0.00238586054183543 
0.00238556903786957 
0.00238489778712392 
0.00238064373843372 
0.00231065787374973 
0.00220967596396804 
0.00216258526779711 
0.0021447294857353 
0.00213524885475636 
0.00213163136504591 
0.00213056174106896 
0.00212961062788963 
0.00212805788032711 
0.00212577125057578 
0.00212275609374046 
0.00211909902282059 
0.00211487198248506 
0.00211059860885143 
0.00210656761191785 
0.00210300832986832 
0.00210003554821014 
0.00209780875593424 
0.00209623388946056 
0.00209506694227457 
0.00209416262805462 
0.00209340965375304 
0.00209279241971672 
0.00209225644357502 
0.00209182291291654 
0.00209145527333021 
0.0020910503808409 
0.00209058378823102 
0.00209012581035495 
0.00208974489942193 
0.00208948110230267 
0.0020892433822155 
0.002089180983603 
0.00208928645588458 
0.00208953162655234 
0.00208988063968718 
0.00209027738310397 
0.00209077168256044 
0.00209141685627401 
0.00209219474345446 
0.00209310580976307 
0.00209411978721619 
0.00209511746652424 
0.00209606159478426 
0.00209694472141564 
0.00209785019978881 
0.00209863251075149 
0.00209930189885199 
0.0020997691899538 
0.0021000464912504 
0.00210015731863678 
0.00210026791319251 
0.00210027722641826 
0.00210025254637003 
0.00210026279091835 
0.00210021808743477 
0.00210019829683006 
0.00210017734207213 
0.00210018991492689 
0.00210022740066051 
0.00210027978755534 
0.00210034428164363 
0.00210041319951415 
0.00210049236193299 
0.00210057129152119 
0.00210063601844013 
0.00210072076879442 
0.00210079294629395 
0.0021008001640439 
0.00210084882564843 
0.00210094032809138 
0.00210103113204241 
0.00210111704654992 
0.00210119970142841 
0.00210131052881479 
0.00210141390562057 
0.00210157129913568 
0.00210197945125401 
0.00210248935036361 
0.00210291729308665 
0.00210331613197923 
0.00210374686866999 
0.00210409169085324 
0.00210458342917264 
0.00210484932176769 
0.00210506631992757 
0.00210551102645695 
0.00210634595714509 
0.00210871850140393 
0.00211016554385424 
